[11, 2, 1404],
[11, 1, 1897],
[11, 4, 1262],
[11, 3, 5561],
[16, 6, 414],
[16, 5, 636],
[1, 7, 701],
[16, 7, 262],
[1, 5, 1860],
[10, 16, 676],
[1, 6, 7879],
[10, 14, 3311],
[10, 15, 1509],
[16, 9, 665],
[16, 8, 6589],
[16, 11, 895],
[1, 12, 1239],
[16, 10, 719],
[1, 11, 2628],
[16, 13, 1048],
[1, 14, 8555],
[16, 12, 847],
[1, 13, 2679],
[16, 15, 1498],
[16, 14, 1055],
[1, 15, 40114],
[15, 16, 1644],
[10, 10, 131581],
[11, 0, 16965],
[10, 11, 5608],
[10, 12, 1587],
[10, 13, 1053],
[1, 8, 14359],
[2, 0, 12775],
[10, 8, 18671],
[1, 10, 1747],
[10, 9, 3707],
[1, 9, 1760],
[10, 7, 3590],
[6, 16, 493],
[16, 16, 57971],
[15, 9, 2149],
[1, 0, 18040],
[15, 10, 2192],
[15, 8, 16060],
[15, 15, 255444],
[15, 13, 3670],
[15, 14, 8299],
[10, 5, 7420],
[15, 11, 3380],
[10, 6, 594],
[15, 12, 1834],
[10, 4, 714],
[7, 16, 201],
[10, 1, 1356],
[10, 2, 1355],
[10, 3, 2890],
[6, 10, 941],
[6, 9, 815],
[6, 12, 484],
[6, 11, 1358],
[6, 8, 5732],
[15, 6, 5588],
[15, 5, 2465],
[1, 2, 4021],
[6, 14, 7696],
[1, 1, 292440],
[6, 13, 774],
[1, 4, 973],
[1, 3, 2333],
[6, 15, 6003],
[15, 7, 733],
[9, 16, 637],
[7, 9, 445],
[7, 8, 3874],
[9, 13, 988],
[9, 14, 2739],
[9, 15, 1683],
[6, 6, 84553],
[7, 15, 450],
[7, 14, 546],
[7, 13, 397],
[7, 12, 726],
[6, 5, 717],
[7, 11, 3844],
[7, 10, 2974],
[14, 16, 1039],
[6, 7, 245],
[15, 3, 2793],
[9, 9, 129949],
[10, 0, 12122],
[15, 4, 1172],
[9, 10, 3650],
[15, 1, 39223],
[9, 11, 2607],
[15, 2, 6835],
[9, 12, 1017],
[9, 8, 22900],
[7, 6, 143],
[7, 5, 5106],
[9, 7, 596],
[7, 7, 25001],
[5, 16, 671],
[6, 4, 308],
[14, 8, 18296],
[6, 3, 867],
[14, 9, 3046],
[6, 2, 2435],
[6, 1, 8417],
[9, 6, 599],
[14, 14, 196063],
[14, 15, 7047],
[14, 12, 1201],
[14, 13, 1365],
[15, 0, 15845],
[14, 10, 3787],
[9, 5, 1829],
[14, 11, 3551],
[9, 3, 3855],
[9, 4, 586],
[9, 1, 1497],
[9, 2, 1206],
[7, 3, 605],
[5, 9, 1629],
[7, 2, 362],
[5, 8, 12981],
[7, 1, 456],
[5, 11, 12510],
[6, 0, 6025],
[5, 10, 7121],
[14, 5, 3276],
[14, 6, 5624],
[4, 15, 995],
[4, 14, 728],
[5, 13, 1353],
[5, 12, 3155],
[5, 15, 1716],
[7, 4, 359],
[5, 14, 2454],
[4, 9, 684],
[4, 8, 8587],
[8, 16, 7371],
[14, 7, 811],
[4, 13, 25774],
[4, 12, 4430],
[4, 11, 1625],
[4, 10, 907],
[8, 15, 10915],
[8, 14, 14110],
[8, 13, 10927],
[8, 12, 11939],
[14, 4, 667],
[5, 6, 528],
[5, 5, 120239],
[7, 0, 3747],
[13, 16, 945],
[5, 7, 8374],
[14, 2, 31741],
[14, 3, 3065],
[9, 0, 17015],
[14, 1, 7978],
[4, 16, 811],
[8, 11, 29392],
[8, 10, 18286],
[8, 9, 23726],
[8, 8, 1164253],
[8, 7, 4417],
[5, 3, 2085],
[4, 3, 1680],
[4, 2, 466],
[5, 2, 1279],
[4, 1, 993],
[13, 8, 12695],
[5, 4, 976],
[5, 1, 1522],
[4, 4, 124595],
[13, 14, 1510],
[13, 13, 147531],
[13, 15, 3114],
[3, 16, 1737],
[13, 10, 1274],
[13, 9, 1186],
[8, 6, 3330],
[13, 12, 4503],
[14, 0, 14547],
[8, 5, 10600],
[13, 11, 2933],
[8, 1, 9791],
[8, 4, 6044],
[8, 3, 50264],
[8, 2, 7094],
[5, 0, 12230],
[13, 5, 1647],
[4, 7, 578],
[4, 6, 224],
[13, 7, 550],
[4, 5, 1196],
[13, 6, 696],
[0, 8, 248410],
[0, 10, 11240],
[0, 9, 17294],
[13, 4, 27817],
[0, 12, 10201],
[13, 3, 2800],
[0, 11, 16849],
[0, 14, 11028],
[0, 13, 9597],
[3, 7, 754],
[12, 16, 777],
[3, 5, 2015],
[0, 15, 10101],
[13, 2, 736],
[13, 1, 2601],
[8, 0, 182996],
[3, 6, 714],
[0, 16, 7427],
[3, 15, 2279],
[3, 13, 2575],
[3, 14, 2967],
[12, 13, 4279],
[3, 8, 50794],
[12, 12, 154520],
[12, 15, 1518],
[12, 14, 1234],
[12, 9, 1119],
[3, 11, 6700],
[12, 8, 14283],
[3, 12, 2576],
[4, 0, 9369],
[3, 9, 4360],
[12, 11, 5110],
[13, 0, 11011],
[3, 10, 3340],
[12, 10, 1997],
[2, 14, 37183],
[2, 15, 6730],
[2, 12, 785],
[2, 13, 852],
[0, 2, 7275],
[0, 1, 11377],
[0, 4, 6317],
[0, 3, 33654],
[12, 7, 1106],
[3, 0, 28403],
[12, 6, 469],
[2, 10, 1917],
[12, 5, 3727],
[2, 11, 2146],
[2, 8, 11761],
[2, 9, 1515],
[0, 5, 9651],
[0, 6, 3601],
[12, 3, 2753],
[12, 2, 700],
[0, 7, 4284],
[12, 4, 4850],
[3, 1, 1794],
[3, 2, 1178],
[11, 16, 859],
[3, 3, 238184],
[3, 4, 1218],
[2, 16, 1099],
[12, 1, 1137],
[11, 15, 2420],
[16, 0, 7273],
[2, 1, 4442],
[2, 4, 547],
[2, 2, 179895],
[2, 3, 1717],
[11, 12, 4569],
[11, 11, 162240],
[11, 14, 2819],
[1, 16, 2191],
[11, 13, 2218],
[11, 8, 29688],
[12, 0, 12450],
[11, 10, 5515],
[11, 9, 2328],
[0, 0, 809202],
[2, 7, 623],
[16, 1, 1965],
[16, 3, 1434],
[16, 2, 919],
[16, 4, 770],
[11, 7, 4392],
[11, 5, 12594],
[2, 5, 1897],
[2, 6, 2461],
[11, 6, 837],
